379
1 1 1 2 3 5 6 6 6 8 8 9 11 11 12 12 12 13 14 15 15 16 17 19 20 20 20 22 22 23 25 25 26 26 26 27 28 29 29 30 31 33 34 34 34 36 36 37 39 39 40 40 40 41 42 43 43 43 43 44 44 45 45 47 47 48 48 48 48 48 48 50 50 50 50 51 51 53 53 53 53 54 54 54 54 54 54 55 55 56 56 71 71 72 73 75 76 76 76 78 78 79 81 81 82 82 82 83 84 85 85 85 85 86 86 87 87 89 89 90 90 90 90 90 90 92 92 92 92 93 93 95 95 95 95 96 96 96 96 96 96 97 97 98 98 99 99 99 99 100 100 101 101 103 103 104 104 104 104 104 104 106 106 106 106 107 107 109 109 109 109 110 110 110 110 110 110 111 111 112 112 113 113 114 115 117 118 118 118 120 120 121 123 123 124 124 124 125 126 127 127 128 129 131 132 132 132 134 134 135 137 137 138 138 138 139 140 141 141 141 141 142 142 143 143 145 145 146 146 146 146 146 146 148 148 148 148 149 149 151 151 151 151 152 152 152 152 152 152 153 153 154 154 155 155 156 157 159 160 160 160 162 162 163 165 165 166 166 166 167 168 169 169 169 169 169 169 170 170 170 171 171 171 173 173 173 174 174 174 174 174 174 174 174 174 176 176 176 176 176 176 177 177 177 179 179 179 179 179 179 180 180 180 180 180 180 180 180 180 181 181 181 182 182 182 183 183 183 183 183 183 184 184 184 185 185 185 187 187 187 188 188 188 188 188 188 188 188 188 190 190 190 190 190 190 191 191 191 193 193 193 193 193 193 194 194 194 194 194 194 194 194 194 195 195 195 196 196 196
1 2
2 3
1 4
4 5
5 6
6 7
7 8
8 9
3 10
10 11
11 12
12 13
13 14
9 15
15 16
16 17
17 18
14 19
19 20
20 21
18 22
22 23
23 24
24 25
25 26
26 27
21 28
28 29
29 30
30 31
31 32
27 33
33 34
34 35
35 36
32 37
37 38
38 39
36 40
40 41
41 42
42 43
43 44
44 45
39 46
46 47
47 48
48 49
49 50
45 51
51 52
52 53
53 54
50 55
55 56
56 57
57 58
58 59
54 60
60 61
61 62
62 63
63 64
64 65
65 66
66 67
67 68
68 69
69 70
70 71
59 72
72 73
73 74
74 75
75 76
76 77
77 78
78 79
79 80
80 81
71 82
82 83
83 84
84 85
85 86
86 87
87 88
88 89
81 90
90 91
89 92
92 93
91 94
94 95
95 96
96 97
97 98
98 99
93 100
100 101
101 102
102 103
103 104
99 105
105 106
106 107
107 108
104 109
109 110
110 111
111 112
112 113
108 114
114 115
115 116
116 117
117 118
118 119
119 120
120 121
121 122
122 123
123 124
124 125
113 126
126 127
127 128
128 129
129 130
130 131
131 132
132 133
133 134
134 135
125 136
136 137
137 138
138 139
139 140
140 141
141 142
142 143
135 144
144 145
143 146
146 147
147 148
148 149
145 150
150 151
151 152
152 153
153 154
154 155
155 156
156 157
157 158
158 159
159 160
160 161
149 162
162 163
163 164
164 165
165 166
166 167
167 168
168 169
169 170
170 171
161 172
172 173
173 174
174 175
175 176
176 177
177 178
178 179
171 180
180 181
179 182
182 183
181 184
184 185
185 186
186 187
187 188
188 189
183 190
190 191
191 192
192 193
193 194
189 195
195 196
196 197
197 198
194 199
199 200
200 201
198 202
202 203
203 204
204 205
205 206
206 207
201 208
208 209
209 210
210 211
211 212
207 213
213 214
214 215
215 216
212 217
216 218
218 219
219 220
220 221
217 222
222 223
223 224
224 225
225 226
226 227
227 228
228 229
229 230
230 231
231 232
232 233
221 234
234 235
235 236
236 237
237 238
238 239
239 240
240 241
241 242
242 243
233 244
244 245
245 246
246 247
247 248
248 249
249 250
250 251
243 252
252 253
251 254
254 255
253 256
256 257
257 258
258 259
259 260
260 261
255 262
262 263
263 264
264 265
265 266
261 267
267 268
268 269
269 270
266 271
271 272
272 273
273 274
274 275
275 276
276 277
270 278
278 279
279 280
280 281
281 282
282 283
283 284
284 285
285 286
286 287
287 288
288 289
289 290
290 291
291 292
292 293
293 294
294 295
277 296
296 297
297 298
298 299
299 300
300 301
301 302
302 303
303 304
304 305
305 306
306 307
307 308
308 309
309 310
295 311
311 312
312 313
313 314
314 315
315 316
316 317
317 318
318 319
319 320
320 321
321 322
310 323
323 324
324 325
322 326
326 327
327 328
328 329
329 330
330 331
325 332
332 333
333 334
334 335
335 336
336 337
337 338
338 339
339 340
340 341
341 342
342 343
343 344
344 345
345 346
346 347
347 348
348 349
331 350
350 351
351 352
352 353
353 354
354 355
355 356
356 357
357 358
358 359
359 360
360 361
361 362
362 363
363 364
349 365
365 366
366 367
367 368
368 369
369 370
370 371
371 372
372 373
373 374
374 375
375 376
364 377
377 378
378 379
1
2 379 4 376 1
